1 0 0 0 0 0 0 0 
0.98 0.00675 0.006 0 0.0065 0 0 0 
0.961 0.01425 0.01125 0 0.01275 0 0 0 
0.94225 0.02275 0.015 0 0.01925 0 0 0 
0.923 0.03225 0.01825 0.00025 0.0255 0 0 0 
0.90225 0.04375 0.0205 0.0005 0.032 0 0 0 
0.8815 0.05625 0.02275 0.0005 0.03775 0 0 0 
0.8595 0.071 0.0245 0.00075 0.04325 0.00025 0 0 
0.83675 0.0875 0.02575 0.001 0.0475 0.00075 0 0 
0.81175 0.10675 0.0265 0.00125 0.0515 0.0015 0 0 
0.784 0.12825 0.02725 0.0015 0.056 0.002 0 0 
0.75375 0.15325 0.02775 0.002 0.0595 0.00275 0 0 
0.722 0.18075 0.0285 0.00225 0.0615 0.004 0 0 
0.687 0.21125 0.02925 0.003 0.06325 0.0055 0 0 
0.65 0.24275 0.0305 0.004 0.06475 0.00725 0 0 
0.609 0.27975 0.0315 0.005 0.06425 0.00925 0 0 
0.56775 0.31725 0.03225 0.006 0.06375 0.012 0 0 
0.524 0.3575 0.0345 0.0065 0.0615 0.015 0 0 
0.47875 0.39825 0.03625 0.0085 0.059 0.01825 0 0 
0.4345 0.43775 0.03825 0.01025 0.05575 0.02225 0.00025 0 
0.39275 0.477 0.039 0.013 0.05125 0.026 0.0005 0 
0.35075 0.5155 0.041 0.0145 0.046 0.0305 0.0005 0 
0.30925 0.55225 0.044 0.017 0.04125 0.03475 0.0005 0 
0.272 0.584 0.04725 0.02 0.03625 0.03875 0.0005 0 
0.23675 0.614 0.05025 0.0225 0.031 0.04375 0.00075 0 
0.2055 0.638 0.054 0.02625 0.02575 0.0485 0.00075 0 
0.177 0.65775 0.0595 0.0295 0.02125 0.05275 0.001 0 
0.151 0.672 0.0665 0.0335 0.0175 0.05725 0.00125 0 
0.128 0.6805 0.07375 0.0385 0.01375 0.06275 0.00175 0 
0.10925 0.68475 0.08 0.04425 0.011 0.06725 0.00225 0 
0.0925 0.68575 0.089 0.04825 0.00875 0.07175 0.003 0.00025 
0.078 0.68175 0.09925 0.05475 0.0065 0.075 0.0035 0.0005 
0.06625 0.67375 0.11025 0.06075 0.00475 0.07825 0.00425 0.00075 
0.05675 0.66275 0.121 0.06825 0.0035 0.081 0.005 0.001 
0.04875 0.64925 0.133 0.07575 0.00225 0.083 0.00575 0.00125 
0.04225 0.63275 0.14625 0.083 0.0015 0.085 0.00625 0.0015 
0.03625 0.61525 0.1595 0.091 0.00125 0.08675 0.007 0.002 
0.032 0.59225 0.176 0.0985 0.001 0.08825 0.0085 0.0025 
0.02825 0.56975 0.194 0.106 0.00075 0.08775 0.00975 0.00275 
0.02525 0.54275 0.2115 0.1155 0.0005 0.088 0.012 0.00325 
0.0235 0.51375 0.23475 0.12275 0.00025 0.0865 0.01375 0.004 
0.02125 0.4825 0.26125 0.1285 0.00025 0.08475 0.0155 0.00475 
0.0195 0.44625 0.29275 0.1355 0.00025 0.08175 0.01825 0.005 
0.01825 0.40825 0.32575 0.14225 0.00025 0.07825 0.02075 0.0055 
0.01775 0.3705 0.3595 0.148 0 0.07325 0.024 0.00625 
0.01675 0.3345 0.39225 0.15325 0 0.068 0.02725 0.00675 
0.01525 0.29275 0.4325 0.15675 0 0.06325 0.03125 0.0075 
0.014 0.256 0.47175 0.157 0 0.0575 0.03525 0.008 
0.0135 0.21775 0.512 0.157 0 0.04975 0.04 0.00875 
0.013 0.1845 0.5505 0.155 0 0.044 0.043 0.009 
0.01275 0.154 0.58675 0.15225 0 0.03775 0.04575 0.0095 
0.01225 0.126 0.621 0.149 0 0.03125 0.05 0.0095 
0.01125 0.099 0.656 0.144 0 0.0245 0.05475 0.0095 
0.01075 0.0775 0.68675 0.13675 0 0.01975 0.058 0.00925 
0.01 0.0585 0.7155 0.12925 0 0.01525 0.0615 0.00925 
0.01 0.04575 0.73625 0.12225 0 0.01175 0.064 0.00875 
0.01 0.03375 0.75575 0.11725 0 0.00825 0.0655 0.0085 
0.01 0.02675 0.77125 0.1085 0 0.007 0.0675 0.008 
0.0105 0.021 0.7835 0.10125 0 0.005 0.07025 0.0075 
0.01025 0.01525 0.7965 0.0945 0 0.00325 0.072 0.00725 
0.01 0.01 0.80925 0.08775 0 0.00175 0.07375 0.00675 
0.01125 0.00925 0.81575 0.08025 0 0.0015 0.07475 0.00625 
0.0115 0.009 0.821 0.0745 0 0.00125 0.076 0.006 
0.01275 0.0085 0.8245 0.069 0 0.00125 0.07775 0.00525 
0.01375 0.008 0.82825 0.0655 0 0.00125 0.07775 0.00475 
0.01425 0.0075 0.8325 0.06025 0 0.00125 0.07875 0.00425 
0.0145 0.00725 0.83525 0.057 0 0.00125 0.0795 0.004 
0.0155 0.00725 0.83725 0.054 0 0.00075 0.0805 0.00375 
0.0165 0.00675 0.84025 0.05075 0 0.00075 0.08075 0.0035 
0.0175 0.00675 0.842 0.04775 0 0.00025 0.08175 0.003 
0.01775 0.0065 0.84425 0.0455 0 0.00025 0.08225 0.00275 
0.0185 0.0065 0.84575 0.0435 0 0 0.08225 0.0025 
0.01825 0.00675 0.8465 0.042 0 0 0.0835 0.00225 
0.01825 0.00625 0.8485 0.0405 0 0 0.08375 0.002 
0.019 0.006 0.84975 0.03875 0 0 0.08375 0.00175 
0.019 0.006 0.84975 0.03775 0 0 0.08525 0.0015 
0.019 0.00575 0.851 0.0365 0 0 0.08525 0.00125 
0.01875 0.006 0.85275 0.0355 0 0 0.085 0.001 
0.01825 0.00625 0.85325 0.03475 0 0 0.0855 0.001 
0.019 0.00625 0.8525 0.03425 0 0 0.08625 0.00075 
0.019 0.006 0.85275 0.03375 0 0 0.087 0.00075 
0.02 0.0055 0.8525 0.03325 0 0 0.08725 0.00075 
0.02075 0.00525 0.853 0.03275 0 0 0.08675 0.00075 
0.022 0.0045 0.85325 0.0325 0 0 0.0865 0.00075 
0.02125 0.00475 0.8535 0.03225 0 0 0.0865 0.00075 
0.02175 0.00475 0.853 0.03225 0 0 0.087 0.00075 
0.0215 0.0045 0.85325 0.03225 0 0 0.087 0.00075 
0.022 0.00425 0.85325 0.03175 0 0 0.087 0.00075 
0.02175 0.00425 0.85375 0.0315 0 0 0.087 0.00075 
0.02325 0.0035 0.8535 0.0315 0 0 0.08675 0.00075 
0.02225 0.00425 0.854 0.03175 0 0 0.0865 0.00075 
0.02275 0.004 0.853 0.03175 0 0 0.08675 0.00075 
0.0225 0.004 0.8525 0.03125 0 0 0.08775 0.00075 
0.0225 0.004 0.85275 0.03125 0 0 0.088 0.00075 
0.02225 0.004 0.852 0.03175 0 0 0.08825 0.00075 
0.0245 0.003 0.85075 0.03125 0 0 0.08875 0.00075 
0.02425 0.00325 0.84975 0.03125 0 0 0.08975 0.00075 
0.02375 0.0035 0.84925 0.03125 0 0 0.0905 0.00075 
0.025 0.00275 0.849 0.03125 0 0 0.09025 0.00075 
0.02425 0.003 0.85025 0.03125 0 0 0.08975 0.00075 
0.02625 0.00225 0.84925 0.031 0 0 0.08975 0.00075 
0.0255 0.00275 0.84875 0.031 0 0 0.09075 0.00075 
0.02825 0.00125 0.84725 0.03075 0 0 0.09075 0.00075 
0.0275 0.0015 0.84825 0.0305 0 0 0.09075 0.00075 
0.0265 0.00225 0.848 0.03075 0 0 0.091 0.00075 
0.02625 0.0025 0.84925 0.03025 0 0 0.09025 0.00075 
0.0255 0.0025 0.84975 0.0305 0 0 0.09025 0.00075 
0.02675 0.002 0.84875 0.0305 0 0 0.0905 0.00075 
0.02625 0.00225 0.8485 0.0305 0 0 0.09075 0.0005 
0.02625 0.00225 0.849 0.031 0 0 0.09025 0.0005 
0.0265 0.002 0.84975 0.0305 0 0 0.09 0.0005 
0.02575 0.0025 0.8495 0.03025 0 0 0.09075 0.0005 
0.0265 0.002 0.849 0.03075 0 0 0.09025 0.0005 
0.02725 0.00175 0.848 0.03075 0.00025 0 0.091 0.0005 
0.02775 0.00125 0.84775 0.03125 0 0 0.0905 0.0005 
0.027 0.00175 0.849 0.031 0 0 0.09 0.0005 
0.02825 0.00125 0.849 0.031 0.00025 0 0.08925 0.0005 
0.02925 0.0005 0.849 0.0305 0.0005 0 0.08875 0.0005 
0.041 0.00075 0.839 0.03 0.00075 0 0.0875 0.0005 
0.052 0.0015 0.82825 0.02925 0.001 0 0.08675 0.0005 